0	0	0	0	4.78506540471
0	0	0	1	0.741380351973
0	0	0	2	1.99272344951e-17
0	0	0	3	0.0
0	0	0	4	0.0
0	0	0	5	0.121785324864
0	0	0	6	0.121785324864
0	0	1	0	0.741380351973
0	0	1	1	1.11894686634
0	0	1	2	-2.22264919231e-17
0	0	1	3	0.0
0	0	1	4	0.0
0	0	1	5	0.313334085322
0	0	1	6	0.313334085322
0	0	2	0	1.99272344951e-17
0	0	2	1	-2.22264919231e-17
0	0	2	2	1.11581381215
0	0	2	3	0.0
0	0	2	4	0.0
0	0	2	5	0.141788916678
0	0	2	6	0.141788916678
0	0	3	0	0.0
0	0	3	1	0.0
0	0	3	2	0.0
0	0	3	3	1.11581381215
0	0	3	4	0.0
0	0	3	5	0.0
0	0	3	6	0.0
0	0	4	0	0.0
0	0	4	1	0.0
0	0	4	2	0.0
0	0	4	3	0.0
0	0	4	4	1.11581381215
0	0	4	5	-0.184782913802
0	0	4	6	0.184782913802
0	0	5	0	0.121785324864
0	0	5	1	0.313334085322
0	0	5	2	0.141788916678
0	0	5	3	0.0
0	0	5	4	-0.184782913802
0	0	5	5	0.470723293853
0	0	5	6	0.104324711416
0	0	6	0	0.121785324864
0	0	6	1	0.313334085322
0	0	6	2	0.141788916678
0	0	6	3	0.0
0	0	6	4	0.184782913802
0	0	6	5	0.104324711416
0	0	6	6	0.470723293853
0	1	0	0	0.741380351973
0	1	0	1	0.136873385354
0	1	0	2	1.98657958513e-18
0	1	0	3	0.0
0	1	0	4	0.0
0	1	0	5	0.0223092315761
0	1	0	6	0.0223092315761
0	1	1	0	0.136873385354
0	1	1	1	0.256633394731
0	1	1	2	-3.8151960317e-18
0	1	1	3	0.0
0	1	1	4	0.0
0	1	1	5	0.0728400984413
0	1	1	6	0.0728400984413
0	1	2	0	1.98657958513e-18
0	1	2	1	-3.8151960317e-18
0	1	2	2	0.25668398581
0	1	2	3	0.0
0	1	2	4	0.0
0	1	2	5	0.0333715156413
0	1	2	6	0.0333715156413
0	1	3	0	0.0
0	1	3	1	0.0
0	1	3	2	0.0
0	1	3	3	0.25668398581
0	1	3	4	0.0
0	1	3	5	0.0
0	1	3	6	0.0
0	1	4	0	0.0
0	1	4	1	0.0
0	1	4	2	0.0
0	1	4	3	0.0
0	1	4	4	0.25668398581
0	1	4	5	-0.0434906059138
0	1	4	6	0.0434906059138
0	1	5	0	0.0223092315761
0	1	5	1	0.0728400984413
0	1	5	2	0.0333715156413
0	1	5	3	0.0
0	1	5	4	-0.0434906059138
0	1	5	5	0.111191799308
0	1	5	6	0.0244833901648
0	1	6	0	0.0223092315761
0	1	6	1	0.0728400984413
0	1	6	2	0.0333715156413
0	1	6	3	0.0
0	1	6	4	0.0434906059138
0	1	6	5	0.0244833901648
0	1	6	6	0.111191799308
0	2	0	0	1.99272344951e-17
0	2	0	1	1.98657958513e-18
0	2	0	2	0.0244774122581
0	2	0	3	0.0
0	2	0	4	0.0
0	2	0	5	0.000623728588682
0	2	0	6	0.000623728588682
0	2	1	0	1.98657958513e-18
0	2	1	1	1.33352760808e-18
0	2	1	2	0.0378086074164
0	2	1	3	0.0
0	2	1	4	0.0
0	2	1	5	0.00333513485049
0	2	1	6	0.00333513485049
0	2	2	0	0.0244774122581
0	2	2	1	0.0378086074164
0	2	2	2	9.86913713776e-20
0	2	2	3	0.0
0	2	2	4	0.0
0	2	2	5	0.00874422589067
0	2	2	6	0.00874422589067
0	2	3	0	0.0
0	2	3	1	0.0
0	2	3	2	0.0
0	2	3	3	7.19388472952e-19
0	2	3	4	0.0
0	2	3	5	0.0
0	2	3	6	0.0
0	2	4	0	0.0
0	2	4	1	0.0
0	2	4	2	0.0
0	2	4	3	0.0
0	2	4	4	7.19388472952e-19
0	2	4	5	-0.00173706208117
0	2	4	6	0.00173706208117
0	2	5	0	0.000623728588682
0	2	5	1	0.00333513485049
0	2	5	2	0.00874422589067
0	2	5	3	0.0
0	2	5	4	-0.00173706208117
0	2	5	5	0.00626940684007
0	2	5	6	0.00174002667686
0	2	6	0	0.000623728588682
0	2	6	1	0.00333513485049
0	2	6	2	0.00874422589067
0	2	6	3	0.0
0	2	6	4	0.00173706208117
0	2	6	5	0.00174002667686
0	2	6	6	0.00626940684007
0	3	0	0	0.0
0	3	0	1	0.0
0	3	0	2	0.0
0	3	0	3	0.0244774122581
0	3	0	4	0.0
0	3	0	5	0.0
0	3	0	6	0.0
0	3	1	0	0.0
0	3	1	1	0.0
0	3	1	2	0.0
0	3	1	3	0.0378086074164
0	3	1	4	0.0
0	3	1	5	0.0
0	3	1	6	0.0
0	3	2	0	0.0
0	3	2	1	0.0
0	3	2	2	0.0
0	3	2	3	-3.10348550787e-19
0	3	2	4	0.0
0	3	2	5	0.0
0	3	2	6	0.0
0	3	3	0	0.0244774122581
0	3	3	1	0.0378086074164
0	3	3	2	-3.10348550787e-19
0	3	3	3	0.0
0	3	3	4	0.0
0	3	3	5	0.00741133127599
0	3	3	6	0.00741133127599
0	3	4	0	0.0
0	3	4	1	0.0
0	3	4	2	0.0
0	3	4	3	0.0
0	3	4	4	0.0
0	3	4	5	0.0
0	3	4	6	0.0
0	3	5	0	0.0
0	3	5	1	0.0
0	3	5	2	0.0
0	3	5	3	0.00741133127599
0	3	5	4	0.0
0	3	5	5	0.0
0	3	5	6	0.0
0	3	6	0	0.0
0	3	6	1	0.0
0	3	6	2	0.0
0	3	6	3	0.00741133127599
0	3	6	4	0.0
0	3	6	5	0.0
0	3	6	6	0.0
0	4	0	0	0.0
0	4	0	1	0.0
0	4	0	2	0.0
0	4	0	3	0.0
0	4	0	4	0.0244774122581
0	4	0	5	-0.000812858922537
0	4	0	6	0.000812858922537
0	4	1	0	0.0
0	4	1	1	0.0
0	4	1	2	0.0
0	4	1	3	0.0
0	4	1	4	0.0378086074164
0	4	1	5	-0.004346432359
0	4	1	6	0.004346432359
0	4	2	0	0.0
0	4	2	1	0.0
0	4	2	2	0.0
0	4	2	3	0.0
0	4	2	4	-3.10348550787e-19
0	4	2	5	-0.00173706208117
0	4	2	6	0.00173706208117
0	4	3	0	0.0
0	4	3	1	0.0
0	4	3	2	0.0
0	4	3	3	0.0
0	4	3	4	0.0
0	4	3	5	0.0
0	4	3	6	0.0
0	4	4	0	0.0244774122581
0	4	4	1	0.0378086074164
0	4	4	2	-3.10348550787e-19
0	4	4	3	0.0
0	4	4	4	0.0
0	4	4	5	0.00967511465437
0	4	4	6	0.00967511465437
0	4	5	0	-0.000812858922537
0	4	5	1	-0.004346432359
0	4	5	2	-0.00173706208117
0	4	5	3	0.0
0	4	5	4	0.00967511465437
0	4	5	5	-0.00817045006664
0	4	5	6	-2.71050543121e-20
0	4	6	0	0.000812858922537
0	4	6	1	0.004346432359
0	4	6	2	0.00173706208117
0	4	6	3	0.0
0	4	6	4	0.00967511465437
0	4	6	5	2.71050543121e-20
0	4	6	6	0.00817045006664
0	5	0	0	0.121785324864
0	5	0	1	0.0223092315761
0	5	0	2	0.000623728588682
0	5	0	3	0.0
0	5	0	4	-0.000812858922537
0	5	0	5	0.00368310647763
0	5	0	6	0.00362560177513
0	5	1	0	0.0223092315761
0	5	1	1	0.0416116139716
0	5	1	2	0.00117355914449
0	5	1	3	0.0
0	5	1	4	-0.00152941205363
0	5	1	5	0.0121216131537
0	5	1	6	0.0117332268177
0	5	2	0	0.000623728588682
0	5	2	1	0.00117355914449
0	5	2	2	0.0416230541973
0	5	2	3	0.0
0	5	2	4	-0.000121299919236
0	5	2	5	0.00578442097732
0	5	2	6	0.00560477581826
0	5	3	0	0.0
0	5	3	1	0.0
0	5	3	2	0.0
0	5	3	3	0.0415299774956
0	5	3	4	0.0
0	5	3	5	0.0
0	5	3	6	0.0
0	5	4	0	-0.000812858922537
0	5	4	1	-0.00152941205363
0	5	4	2	-0.000121299919236
0	5	4	3	0.0
0	5	4	4	0.0416880586281
0	5	4	5	-0.00753840418484
0	5	4	6	0.00670457705962
0	5	5	0	0.00368310647763
0	5	5	1	0.0121216131537
0	5	5	2	0.00578442097732
0	5	5	3	0.0
0	5	5	4	-0.00753840418484
0	5	5	5	0.0186410803471
0	5	5	6	0.00403061324831
0	5	6	0	0.00362560177513
0	5	6	1	0.0117332268177
0	5	6	2	0.00560477581826
0	5	6	3	0.0
0	5	6	4	0.00670457705962
0	5	6	5	0.00403061324831
0	5	6	6	0.0178816762199
0	6	0	0	0.121785324864
0	6	0	1	0.0223092315761
0	6	0	2	0.000623728588682
0	6	0	3	0.0
0	6	0	4	0.000812858922537
0	6	0	5	0.00362560177513
0	6	0	6	0.00368310647763
0	6	1	0	0.0223092315761
0	6	1	1	0.0416116139716
0	6	1	2	0.00117355914449
0	6	1	3	0.0
0	6	1	4	0.00152941205363
0	6	1	5	0.0117332268177
0	6	1	6	0.0121216131537
0	6	2	0	0.000623728588682
0	6	2	1	0.00117355914449
0	6	2	2	0.0416230541973
0	6	2	3	0.0
0	6	2	4	0.000121299919236
0	6	2	5	0.00560477581826
0	6	2	6	0.00578442097732
0	6	3	0	0.0
0	6	3	1	0.0
0	6	3	2	0.0
0	6	3	3	0.0415299774956
0	6	3	4	0.0
0	6	3	5	0.0
0	6	3	6	0.0
0	6	4	0	0.000812858922537
0	6	4	1	0.00152941205363
0	6	4	2	0.000121299919236
0	6	4	3	0.0
0	6	4	4	0.0416880586281
0	6	4	5	-0.00670457705962
0	6	4	6	0.00753840418484
0	6	5	0	0.00362560177513
0	6	5	1	0.0117332268177
0	6	5	2	0.00560477581826
0	6	5	3	0.0
0	6	5	4	-0.00670457705962
0	6	5	5	0.0178816762199
0	6	5	6	0.00403061324831
0	6	6	0	0.00368310647763
0	6	6	1	0.0121216131537
0	6	6	2	0.00578442097732
0	6	6	3	0.0
0	6	6	4	0.00753840418484
0	6	6	5	0.00403061324831
0	6	6	6	0.0186410803471
1	0	0	0	0.741380351973
1	0	0	1	0.136873385354
1	0	0	2	1.98657958513e-18
1	0	0	3	0.0
1	0	0	4	0.0
1	0	0	5	0.0223092315761
1	0	0	6	0.0223092315761
1	0	1	0	0.136873385354
1	0	1	1	0.256633394731
1	0	1	2	-3.8151960317e-18
1	0	1	3	0.0
1	0	1	4	0.0
1	0	1	5	0.0728400984413
1	0	1	6	0.0728400984413
1	0	2	0	1.98657958513e-18
1	0	2	1	-3.8151960317e-18
1	0	2	2	0.25668398581
1	0	2	3	0.0
1	0	2	4	0.0
1	0	2	5	0.0333715156413
1	0	2	6	0.0333715156413
1	0	3	0	0.0
1	0	3	1	0.0
1	0	3	2	0.0
1	0	3	3	0.25668398581
1	0	3	4	0.0
1	0	3	5	0.0
1	0	3	6	0.0
1	0	4	0	0.0
1	0	4	1	0.0
1	0	4	2	0.0
1	0	4	3	0.0
1	0	4	4	0.25668398581
1	0	4	5	-0.0434906059138
1	0	4	6	0.0434906059138
1	0	5	0	0.0223092315761
1	0	5	1	0.0728400984413
1	0	5	2	0.0333715156413
1	0	5	3	0.0
1	0	5	4	-0.0434906059138
1	0	5	5	0.111191799308
1	0	5	6	0.0244833901648
1	0	6	0	0.0223092315761
1	0	6	1	0.0728400984413
1	0	6	2	0.0333715156413
1	0	6	3	0.0
1	0	6	4	0.0434906059138
1	0	6	5	0.0244833901648
1	0	6	6	0.111191799308
1	1	0	0	1.11894686634
1	1	0	1	0.256633394731
1	1	0	2	1.33352760808e-18
1	1	0	3	0.0
1	1	0	4	0.0
1	1	0	5	0.0416116139716
1	1	0	6	0.0416116139716
1	1	1	0	0.256633394731
1	1	1	1	0.817206321526
1	1	1	2	-2.10525005874e-17
1	1	1	3	0.0
1	1	1	4	0.0
1	1	1	5	0.258884453358
1	1	1	6	0.258884453358
1	1	2	0	1.33352760808e-18
1	1	2	1	-2.10525005874e-17
1	1	2	2	0.817022605321
1	1	2	3	0.0
1	1	2	4	0.0
1	1	2	5	0.126625620248
1	1	2	6	0.126625620248
1	1	3	0	0.0
1	1	3	1	0.0
1	1	3	2	0.0
1	1	3	3	0.817022605321
1	1	3	4	0.0
1	1	3	5	0.0
1	1	3	6	0.0
1	1	4	0	0.0
1	1	4	1	0.0
1	1	4	2	0.0
1	1	4	3	0.0
1	1	4	4	0.817022605321
1	1	4	5	-0.165021721159
1	1	4	6	0.165021721159
1	1	5	0	0.0416116139716
1	1	5	1	0.258884453358
1	1	5	2	0.126625620248
1	1	5	3	0.0
1	1	5	4	-0.165021721159
1	1	5	5	0.45466063533
1	1	5	6	0.0947021772118
1	1	6	0	0.0416116139716
1	1	6	1	0.258884453358
1	1	6	2	0.126625620248
1	1	6	3	0.0
1	1	6	4	0.165021721159
1	1	6	5	0.0947021772118
1	1	6	6	0.45466063533
1	2	0	0	-2.22264919231e-17
1	2	0	1	-3.8151960317e-18
1	2	0	2	0.0378086074164
1	2	0	3	0.0
1	2	0	4	0.0
1	2	0	5	0.00117355914449
1	2	0	6	0.00117355914449
1	2	1	0	-3.8151960317e-18
1	2	1	1	-2.10525005874e-17
1	2	1	2	0.180518392105
1	2	1	3	0.0
1	2	1	4	0.0
1	2	1	5	0.0260918590562
1	2	1	6	0.0260918590562
1	2	2	0	0.0378086074164
1	2	2	1	0.180518392105
1	2	2	2	-2.31653997946e-17
1	2	2	3	0.0
1	2	2	4	0.0
1	2	2	5	0.0559047691583
1	2	2	6	0.0559047691583
1	2	3	0	0.0
1	2	3	1	0.0
1	2	3	2	0.0
1	2	3	3	-1.84825203374e-17
1	2	3	4	0.0
1	2	3	5	0.0
1	2	3	6	0.0
1	2	4	0	0.0
1	2	4	1	0.0
1	2	4	2	0.0
1	2	4	3	0.0
1	2	4	4	-1.84825203374e-17
1	2	4	5	-0.0156390034027
1	2	4	6	0.0156390034027
1	2	5	0	0.00117355914449
1	2	5	1	0.0260918590562
1	2	5	2	0.0559047691583
1	2	5	3	0.0
1	2	5	4	-0.0156390034027
1	2	5	5	0.0686394118966
1	2	5	6	0.01632667258
1	2	6	0	0.00117355914449
1	2	6	1	0.0260918590562
1	2	6	2	0.0559047691583
1	2	6	3	0.0
1	2	6	4	0.0156390034027
1	2	6	5	0.01632667258
1	2	6	6	0.0686394118966
1	3	0	0	0.0
1	3	0	1	0.0
1	3	0	2	0.0
1	3	0	3	0.0378086074164
1	3	0	4	0.0
1	3	0	5	0.0
1	3	0	6	0.0
1	3	1	0	0.0
1	3	1	1	0.0
1	3	1	2	0.0
1	3	1	3	0.180518392105
1	3	1	4	0.0
1	3	1	5	0.0
1	3	1	6	0.0
1	3	2	0	0.0
1	3	2	1	0.0
1	3	2	2	0.0
1	3	2	3	-2.34143972861e-18
1	3	2	4	0.0
1	3	2	5	0.0
1	3	2	6	0.0
1	3	3	0	0.0378086074164
1	3	3	1	0.180518392105
1	3	3	2	-2.34143972861e-18
1	3	3	3	0.0
1	3	3	4	0.0
1	3	3	5	0.0439045397822
1	3	3	6	0.0439045397822
1	3	4	0	0.0
1	3	4	1	0.0
1	3	4	2	0.0
1	3	4	3	0.0
1	3	4	4	0.0
1	3	4	5	0.0
1	3	4	6	0.0
1	3	5	0	0.0
1	3	5	1	0.0
1	3	5	2	0.0
1	3	5	3	0.0439045397822
1	3	5	4	0.0
1	3	5	5	0.0
1	3	5	6	0.0
1	3	6	0	0.0
1	3	6	1	0.0
1	3	6	2	0.0
1	3	6	3	0.0439045397822
1	3	6	4	0.0
1	3	6	5	0.0
1	3	6	6	0.0
1	4	0	0	0.0
1	4	0	1	0.0
1	4	0	2	0.0
1	4	0	3	0.0
1	4	0	4	0.0378086074164
1	4	0	5	-0.00152941205363
1	4	0	6	0.00152941205363
1	4	1	0	0.0
1	4	1	1	0.0
1	4	1	2	0.0
1	4	1	3	0.0
1	4	1	4	0.180518392105
1	4	1	5	-0.0340035727467
1	4	1	6	0.0340035727467
1	4	2	0	0.0
1	4	2	1	0.0
1	4	2	2	0.0
1	4	2	3	0.0
1	4	2	4	-2.34143972861e-18
1	4	2	5	-0.0156390034027
1	4	2	6	0.0156390034027
1	4	3	0	0.0
1	4	3	1	0.0
1	4	3	2	0.0
1	4	3	3	0.0
1	4	3	4	0.0
1	4	3	5	0.0
1	4	3	6	0.0
1	4	4	0	0.0378086074164
1	4	4	1	0.180518392105
1	4	4	2	-2.34143972861e-18
1	4	4	3	0.0
1	4	4	4	0.0
1	4	4	5	0.0642856858226
1	4	4	6	0.0642856858226
1	4	5	0	-0.00152941205363
1	4	5	1	-0.0340035727467
1	4	5	2	-0.0156390034027
1	4	5	3	0.0
1	4	5	4	0.0642856858226
1	4	5	5	-0.0894526231605
1	4	5	6	0.0
1	4	6	0	0.00152941205363
1	4	6	1	0.0340035727467
1	4	6	2	0.0156390034027
1	4	6	3	0.0
1	4	6	4	0.0642856858226
1	4	6	5	0.0
1	4	6	6	0.0894526231605
1	5	0	0	0.313334085322
1	5	0	1	0.0728400984413
1	5	0	2	0.00333513485049
1	5	0	3	0.0
1	5	0	4	-0.004346432359
1	5	0	5	0.0121216131537
1	5	0	6	0.0117332268177
1	5	1	0	0.0728400984413
1	5	1	1	0.258884453358
1	5	1	2	0.0260918590562
1	5	1	3	0.0
1	5	1	4	-0.0340035727467
1	5	1	5	0.103816532988
1	5	1	6	0.0826073782404
1	5	2	0	0.00333513485049
1	5	2	1	0.0260918590562
1	5	2	2	0.259296741459
1	5	2	3	0.0
1	5	2	4	-0.00644021881828
1	5	2	5	0.0617067102642
1	5	2	6	0.0476926804256
1	5	3	0	0.0
1	5	3	1	0.0
1	5	3	2	0.0
1	5	3	3	0.254354987751
1	5	3	4	0.0
1	5	3	5	0.0
1	5	3	6	0.0
1	5	4	0	-0.004346432359
1	5	4	1	-0.0340035727467
1	5	4	2	-0.00644021881828
1	5	4	3	0.0
1	5	4	4	0.262748044322
1	5	4	5	-0.0804177504909
1	5	4	6	0.0444627333692
1	5	5	0	0.0121216131537
1	5	5	1	0.103816532988
1	5	5	2	0.0617067102642
1	5	5	3	0.0
1	5	5	4	-0.0804177504909
1	5	5	5	0.235420912937
1	5	5	6	0.0377139813843
1	5	6	0	0.0117332268177
1	5	6	1	0.0826073782404
1	5	6	2	0.0476926804256
1	5	6	3	0.0
1	5	6	4	0.0444627333692
1	5	6	5	0.0377139813843
1	5	6	6	0.151336633108
1	6	0	0	0.313334085322
1	6	0	1	0.0728400984413
1	6	0	2	0.00333513485049
1	6	0	3	0.0
1	6	0	4	0.004346432359
1	6	0	5	0.0117332268177
1	6	0	6	0.0121216131537
1	6	1	0	0.0728400984413
1	6	1	1	0.258884453358
1	6	1	2	0.0260918590562
1	6	1	3	0.0
1	6	1	4	0.0340035727467
1	6	1	5	0.0826073782404
1	6	1	6	0.103816532988
1	6	2	0	0.00333513485049
1	6	2	1	0.0260918590562
1	6	2	2	0.259296741459
1	6	2	3	0.0
1	6	2	4	0.00644021881828
1	6	2	5	0.0476926804256
1	6	2	6	0.0617067102642
1	6	3	0	0.0
1	6	3	1	0.0
1	6	3	2	0.0
1	6	3	3	0.254354987751
1	6	3	4	0.0
1	6	3	5	0.0
1	6	3	6	0.0
1	6	4	0	0.004346432359
1	6	4	1	0.0340035727467
1	6	4	2	0.00644021881828
1	6	4	3	0.0
1	6	4	4	0.262748044322
1	6	4	5	-0.0444627333692
1	6	4	6	0.0804177504909
1	6	5	0	0.0117332268177
1	6	5	1	0.0826073782404
1	6	5	2	0.0476926804256
1	6	5	3	0.0
1	6	5	4	-0.0444627333692
1	6	5	5	0.151336633108
1	6	5	6	0.0377139813843
1	6	6	0	0.0121216131537
1	6	6	1	0.103816532988
1	6	6	2	0.0617067102642
1	6	6	3	0.0
1	6	6	4	0.0804177504909
1	6	6	5	0.0377139813843
1	6	6	6	0.235420912937
2	0	0	0	1.99272344951e-17
2	0	0	1	1.98657958513e-18
2	0	0	2	0.0244774122581
2	0	0	3	0.0
2	0	0	4	0.0
2	0	0	5	0.000623728588682
2	0	0	6	0.000623728588682
2	0	1	0	1.98657958513e-18
2	0	1	1	1.33352760808e-18
2	0	1	2	0.0378086074164
2	0	1	3	0.0
2	0	1	4	0.0
2	0	1	5	0.00333513485049
2	0	1	6	0.00333513485049
2	0	2	0	0.0244774122581
2	0	2	1	0.0378086074164
2	0	2	2	9.86913713776e-20
2	0	2	3	0.0
2	0	2	4	0.0
2	0	2	5	0.00874422589067
2	0	2	6	0.00874422589067
2	0	3	0	0.0
2	0	3	1	0.0
2	0	3	2	0.0
2	0	3	3	7.19388472952e-19
2	0	3	4	0.0
2	0	3	5	0.0
2	0	3	6	0.0
2	0	4	0	0.0
2	0	4	1	0.0
2	0	4	2	0.0
2	0	4	3	0.0
2	0	4	4	7.19388472952e-19
2	0	4	5	-0.00173706208117
2	0	4	6	0.00173706208117
2	0	5	0	0.000623728588682
2	0	5	1	0.00333513485049
2	0	5	2	0.00874422589067
2	0	5	3	0.0
2	0	5	4	-0.00173706208117
2	0	5	5	0.00626940684007
2	0	5	6	0.00174002667686
2	0	6	0	0.000623728588682
2	0	6	1	0.00333513485049
2	0	6	2	0.00874422589067
2	0	6	3	0.0
2	0	6	4	0.00173706208117
2	0	6	5	0.00174002667686
2	0	6	6	0.00626940684007
2	1	0	0	-2.22264919231e-17
2	1	0	1	-3.8151960317e-18
2	1	0	2	0.0378086074164
2	1	0	3	0.0
2	1	0	4	0.0
2	1	0	5	0.00117355914449
2	1	0	6	0.00117355914449
2	1	1	0	-3.8151960317e-18
2	1	1	1	-2.10525005874e-17
2	1	1	2	0.180518392105
2	1	1	3	0.0
2	1	1	4	0.0
2	1	1	5	0.0260918590562
2	1	1	6	0.0260918590562
2	1	2	0	0.0378086074164
2	1	2	1	0.180518392105
2	1	2	2	-2.31653997946e-17
2	1	2	3	0.0
2	1	2	4	0.0
2	1	2	5	0.0559047691583
2	1	2	6	0.0559047691583
2	1	3	0	0.0
2	1	3	1	0.0
2	1	3	2	0.0
2	1	3	3	-1.84825203374e-17
2	1	3	4	0.0
2	1	3	5	0.0
2	1	3	6	0.0
2	1	4	0	0.0
2	1	4	1	0.0
2	1	4	2	0.0
2	1	4	3	0.0
2	1	4	4	-1.84825203374e-17
2	1	4	5	-0.0156390034027
2	1	4	6	0.0156390034027
2	1	5	0	0.00117355914449
2	1	5	1	0.0260918590562
2	1	5	2	0.0559047691583
2	1	5	3	0.0
2	1	5	4	-0.0156390034027
2	1	5	5	0.0686394118966
2	1	5	6	0.01632667258
2	1	6	0	0.00117355914449
2	1	6	1	0.0260918590562
2	1	6	2	0.0559047691583
2	1	6	3	0.0
2	1	6	4	0.0156390034027
2	1	6	5	0.01632667258
2	1	6	6	0.0686394118966
2	2	0	0	1.11581381215
2	2	0	1	0.25668398581
2	2	0	2	9.86913713776e-20
2	2	0	3	0.0
2	2	0	4	0.0
2	2	0	5	0.0416230541973
2	2	0	6	0.0416230541973
2	2	1	0	0.25668398581
2	2	1	1	0.817022605321
2	2	1	2	-2.31653997946e-17
2	2	1	3	0.0
2	2	1	4	0.0
2	2	1	5	0.259296741459
2	2	1	6	0.259296741459
2	2	2	0	9.86913713776e-20
2	2	2	1	-2.31653997946e-17
2	2	2	2	0.880159093375
2	2	2	3	0.0
2	2	2	4	0.0
2	2	2	5	0.13392688869
2	2	2	6	0.13392688869
2	2	3	0	0.0
2	2	3	1	0.0
2	2	3	2	0.0
2	2	3	3	0.785270203138
2	2	3	4	0.0
2	2	3	5	0.0
2	2	3	6	0.0
2	2	4	0	0.0
2	2	4	1	0.0
2	2	4	2	0.0
2	2	4	3	0.0
2	2	4	4	0.785270203138
2	2	4	5	-0.160620208634
2	2	4	6	0.160620208634
2	2	5	0	0.0416230541973
2	2	5	1	0.259296741459
2	2	5	2	0.13392688869
2	2	5	3	0.0
2	2	5	4	-0.160620208634
2	2	5	5	0.456451733851
2	2	5	6	0.0971577322738
2	2	6	0	0.0416230541973
2	2	6	1	0.259296741459
2	2	6	2	0.13392688869
2	2	6	3	0.0
2	2	6	4	0.160620208634
2	2	6	5	0.0971577322738
2	2	6	6	0.456451733851
2	3	0	0	0.0
2	3	0	1	0.0
2	3	0	2	0.0
2	3	0	3	-3.10348550787e-19
2	3	0	4	0.0
2	3	0	5	0.0
2	3	0	6	0.0
2	3	1	0	0.0
2	3	1	1	0.0
2	3	1	2	0.0
2	3	1	3	-2.34143972861e-18
2	3	1	4	0.0
2	3	1	5	0.0
2	3	1	6	0.0
2	3	2	0	0.0
2	3	2	1	0.0
2	3	2	2	0.0
2	3	2	3	0.0474444451184
2	3	2	4	0.0
2	3	2	5	0.0
2	3	2	6	0.0
2	3	3	0	-3.10348550787e-19
2	3	3	1	-2.34143972861e-18
2	3	3	2	0.0474444451184
2	3	3	3	0.0
2	3	3	4	0.0
2	3	3	5	0.00533933389541
2	3	3	6	0.00533933389541
2	3	4	0	0.0
2	3	4	1	0.0
2	3	4	2	0.0
2	3	4	3	0.0
2	3	4	4	0.0
2	3	4	5	0.0
2	3	4	6	0.0
2	3	5	0	0.0
2	3	5	1	0.0
2	3	5	2	0.0
2	3	5	3	0.00533933389541
2	3	5	4	0.0
2	3	5	5	0.0
2	3	5	6	0.0
2	3	6	0	0.0
2	3	6	1	0.0
2	3	6	2	0.0
2	3	6	3	0.00533933389541
2	3	6	4	0.0
2	3	6	5	0.0
2	3	6	6	0.0
2	4	0	0	0.0
2	4	0	1	0.0
2	4	0	2	0.0
2	4	0	3	0.0
2	4	0	4	-3.10348550787e-19
2	4	0	5	-0.000121299919236
2	4	0	6	0.000121299919236
2	4	1	0	0.0
2	4	1	1	0.0
2	4	1	2	0.0
2	4	1	3	0.0
2	4	1	4	-2.34143972861e-18
2	4	1	5	-0.00644021881828
2	4	1	6	0.00644021881828
2	4	2	0	0.0
2	4	2	1	0.0
2	4	2	2	0.0
2	4	2	3	0.0
2	4	2	4	0.0474444451184
2	4	2	5	-0.00994450136502
2	4	2	6	0.00994450136502
2	4	3	0	0.0
2	4	3	1	0.0
2	4	3	2	0.0
2	4	3	3	0.0
2	4	3	4	0.0
2	4	3	5	0.0
2	4	3	6	0.0
2	4	4	0	-3.10348550787e-19
2	4	4	1	-2.34143972861e-18
2	4	4	2	0.0474444451184
2	4	4	3	0.0
2	4	4	4	0.0
2	4	4	5	0.00923095507547
2	4	4	6	0.00923095507547
2	4	5	0	-0.000121299919236
2	4	5	1	-0.00644021881828
2	4	5	2	-0.00994450136502
2	4	5	3	0.0
2	4	5	4	0.00923095507547
2	4	5	5	-0.0256755568625
2	4	5	6	-1.35525271561e-19
2	4	6	0	0.000121299919236
2	4	6	1	0.00644021881828
2	4	6	2	0.00994450136502
2	4	6	3	0.0
2	4	6	4	0.00923095507547
2	4	6	5	1.35525271561e-19
2	4	6	6	0.0256755568625
2	5	0	0	0.141788916678
2	5	0	1	0.0333715156413
2	5	0	2	0.00874422589067
2	5	0	3	0.0
2	5	0	4	-0.00173706208117
2	5	0	5	0.00578442097732
2	5	0	6	0.00560477581826
2	5	1	0	0.0333715156413
2	5	1	1	0.126625620248
2	5	1	2	0.0559047691583
2	5	1	3	0.0
2	5	1	4	-0.0156390034027
2	5	1	5	0.0617067102642
2	5	1	6	0.0476926804256
2	5	2	0	0.00874422589067
2	5	2	1	0.0559047691583
2	5	2	2	0.13392688869
2	5	2	3	0.0
2	5	2	4	-0.00994450136502
2	5	2	5	0.0506102964796
2	5	2	6	0.0381256371937
2	5	3	0	0.0
2	5	3	1	0.0
2	5	3	2	0.0
2	5	3	3	0.120956870516
2	5	3	4	0.0
2	5	3	5	0.0
2	5	3	6	0.0
2	5	4	0	-0.00173706208117
2	5	4	1	-0.0156390034027
2	5	4	2	-0.00994450136502
2	5	4	3	0.0
2	5	4	4	0.124848491696
2	5	4	5	-0.0472466426755
2	5	4	6	0.0251571826366
2	5	5	0	0.00578442097732
2	5	5	1	0.0617067102642
2	5	5	2	0.0506102964796
2	5	5	3	0.0
2	5	5	4	-0.0472466426755
2	5	5	5	0.159674101016
2	5	5	6	0.0252164709722
2	5	6	0	0.00560477581826
2	5	6	1	0.0476926804256
2	5	6	2	0.0381256371937
2	5	6	3	0.0
2	5	6	4	0.0251571826366
2	5	6	5	0.0252164709722
2	5	6	6	0.0952415083841
2	6	0	0	0.141788916678
2	6	0	1	0.0333715156413
2	6	0	2	0.00874422589067
2	6	0	3	0.0
2	6	0	4	0.00173706208117
2	6	0	5	0.00560477581826
2	6	0	6	0.00578442097732
2	6	1	0	0.0333715156413
2	6	1	1	0.126625620248
2	6	1	2	0.0559047691583
2	6	1	3	0.0
2	6	1	4	0.0156390034027
2	6	1	5	0.0476926804256
2	6	1	6	0.0617067102642
2	6	2	0	0.00874422589067
2	6	2	1	0.0559047691583
2	6	2	2	0.13392688869
2	6	2	3	0.0
2	6	2	4	0.00994450136502
2	6	2	5	0.0381256371937
2	6	2	6	0.0506102964796
2	6	3	0	0.0
2	6	3	1	0.0
2	6	3	2	0.0
2	6	3	3	0.120956870516
2	6	3	4	0.0
2	6	3	5	0.0
2	6	3	6	0.0
2	6	4	0	0.00173706208117
2	6	4	1	0.0156390034027
2	6	4	2	0.00994450136502
2	6	4	3	0.0
2	6	4	4	0.124848491696
2	6	4	5	-0.0251571826366
2	6	4	6	0.0472466426755
2	6	5	0	0.00560477581826
2	6	5	1	0.0476926804256
2	6	5	2	0.0381256371937
2	6	5	3	0.0
2	6	5	4	-0.0251571826366
2	6	5	5	0.0952415083841
2	6	5	6	0.0252164709722
2	6	6	0	0.00578442097732
2	6	6	1	0.0617067102642
2	6	6	2	0.0506102964796
2	6	6	3	0.0
2	6	6	4	0.0472466426755
2	6	6	5	0.0252164709722
2	6	6	6	0.159674101016
3	0	0	0	0.0
3	0	0	1	0.0
3	0	0	2	0.0
3	0	0	3	0.0244774122581
3	0	0	4	0.0
3	0	0	5	0.0
3	0	0	6	0.0
3	0	1	0	0.0
3	0	1	1	0.0
3	0	1	2	0.0
3	0	1	3	0.0378086074164
3	0	1	4	0.0
3	0	1	5	0.0
3	0	1	6	0.0
3	0	2	0	0.0
3	0	2	1	0.0
3	0	2	2	0.0
3	0	2	3	-3.10348550787e-19
3	0	2	4	0.0
3	0	2	5	0.0
3	0	2	6	0.0
3	0	3	0	0.0244774122581
3	0	3	1	0.0378086074164
3	0	3	2	-3.10348550787e-19
3	0	3	3	0.0
3	0	3	4	0.0
3	0	3	5	0.00741133127599
3	0	3	6	0.00741133127599
3	0	4	0	0.0
3	0	4	1	0.0
3	0	4	2	0.0
3	0	4	3	0.0
3	0	4	4	0.0
3	0	4	5	0.0
3	0	4	6	0.0
3	0	5	0	0.0
3	0	5	1	0.0
3	0	5	2	0.0
3	0	5	3	0.00741133127599
3	0	5	4	0.0
3	0	5	5	0.0
3	0	5	6	0.0
3	0	6	0	0.0
3	0	6	1	0.0
3	0	6	2	0.0
3	0	6	3	0.00741133127599
3	0	6	4	0.0
3	0	6	5	0.0
3	0	6	6	0.0
3	1	0	0	0.0
3	1	0	1	0.0
3	1	0	2	0.0
3	1	0	3	0.0378086074164
3	1	0	4	0.0
3	1	0	5	0.0
3	1	0	6	0.0
3	1	1	0	0.0
3	1	1	1	0.0
3	1	1	2	0.0
3	1	1	3	0.180518392105
3	1	1	4	0.0
3	1	1	5	0.0
3	1	1	6	0.0
3	1	2	0	0.0
3	1	2	1	0.0
3	1	2	2	0.0
3	1	2	3	-2.34143972861e-18
3	1	2	4	0.0
3	1	2	5	0.0
3	1	2	6	0.0
3	1	3	0	0.0378086074164
3	1	3	1	0.180518392105
3	1	3	2	-2.34143972861e-18
3	1	3	3	0.0
3	1	3	4	0.0
3	1	3	5	0.0439045397822
3	1	3	6	0.0439045397822
3	1	4	0	0.0
3	1	4	1	0.0
3	1	4	2	0.0
3	1	4	3	0.0
3	1	4	4	0.0
3	1	4	5	0.0
3	1	4	6	0.0
3	1	5	0	0.0
3	1	5	1	0.0
3	1	5	2	0.0
3	1	5	3	0.0439045397822
3	1	5	4	0.0
3	1	5	5	0.0
3	1	5	6	0.0
3	1	6	0	0.0
3	1	6	1	0.0
3	1	6	2	0.0
3	1	6	3	0.0439045397822
3	1	6	4	0.0
3	1	6	5	0.0
3	1	6	6	0.0
3	2	0	0	0.0
3	2	0	1	0.0
3	2	0	2	0.0
3	2	0	3	-3.10348550787e-19
3	2	0	4	0.0
3	2	0	5	0.0
3	2	0	6	0.0
3	2	1	0	0.0
3	2	1	1	0.0
3	2	1	2	0.0
3	2	1	3	-2.34143972861e-18
3	2	1	4	0.0
3	2	1	5	0.0
3	2	1	6	0.0
3	2	2	0	0.0
3	2	2	1	0.0
3	2	2	2	0.0
3	2	2	3	0.0474444451184
3	2	2	4	0.0
3	2	2	5	0.0
3	2	2	6	0.0
3	2	3	0	-3.10348550787e-19
3	2	3	1	-2.34143972861e-18
3	2	3	2	0.0474444451184
3	2	3	3	0.0
3	2	3	4	0.0
3	2	3	5	0.00533933389541
3	2	3	6	0.00533933389541
3	2	4	0	0.0
3	2	4	1	0.0
3	2	4	2	0.0
3	2	4	3	0.0
3	2	4	4	0.0
3	2	4	5	0.0
3	2	4	6	0.0
3	2	5	0	0.0
3	2	5	1	0.0
3	2	5	2	0.0
3	2	5	3	0.00533933389541
3	2	5	4	0.0
3	2	5	5	0.0
3	2	5	6	0.0
3	2	6	0	0.0
3	2	6	1	0.0
3	2	6	2	0.0
3	2	6	3	0.00533933389541
3	2	6	4	0.0
3	2	6	5	0.0
3	2	6	6	0.0
3	3	0	0	1.11581381215
3	3	0	1	0.25668398581
3	3	0	2	7.19388472952e-19
3	3	0	3	0.0
3	3	0	4	0.0
3	3	0	5	0.0415299774956
3	3	0	6	0.0415299774956
3	3	1	0	0.25668398581
3	3	1	1	0.817022605321
3	3	1	2	-1.84825203374e-17
3	3	1	3	0.0
3	3	1	4	0.0
3	3	1	5	0.254354987751
3	3	1	6	0.254354987751
3	3	2	0	7.19388472952e-19
3	3	2	1	-1.84825203374e-17
3	3	2	2	0.785270203138
3	3	2	3	0.0
3	3	2	4	0.0
3	3	2	5	0.120956870516
3	3	2	6	0.120956870516
3	3	3	0	0.0
3	3	3	1	0.0
3	3	3	2	0.0
3	3	3	3	0.880159093375
3	3	3	4	0.0
3	3	3	5	0.0
3	3	3	6	0.0
3	3	4	0	0.0
3	3	4	1	0.0
3	3	4	2	0.0
3	3	4	3	0.0
3	3	4	4	0.785270203138
3	3	4	5	-0.157634062675
3	3	4	6	0.157634062675
3	3	5	0	0.0415299774956
3	3	5	1	0.254354987751
3	3	5	2	0.120956870516
3	3	5	3	0.0
3	3	5	4	-0.157634062675
3	3	5	5	0.436750186139
3	3	5	6	0.0924703750279
3	3	6	0	0.0415299774956
3	3	6	1	0.254354987751
3	3	6	2	0.120956870516
3	3	6	3	0.0
3	3	6	4	0.157634062675
3	3	6	5	0.0924703750279
3	3	6	6	0.436750186139
3	4	0	0	0.0
3	4	0	1	0.0
3	4	0	2	0.0
3	4	0	3	0.0
3	4	0	4	0.0
3	4	0	5	0.0
3	4	0	6	0.0
3	4	1	0	0.0
3	4	1	1	0.0
3	4	1	2	0.0
3	4	1	3	0.0
3	4	1	4	0.0
3	4	1	5	0.0
3	4	1	6	0.0
3	4	2	0	0.0
3	4	2	1	0.0
3	4	2	2	0.0
3	4	2	3	0.0
3	4	2	4	0.0
3	4	2	5	0.0
3	4	2	6	0.0
3	4	3	0	0.0
3	4	3	1	0.0
3	4	3	2	0.0
3	4	3	3	0.0
3	4	3	4	0.0474444451184
3	4	3	5	-0.00695835540657
3	4	3	6	0.00695835540657
3	4	4	0	0.0
3	4	4	1	0.0
3	4	4	2	0.0
3	4	4	3	0.0474444451184
3	4	4	4	0.0
3	4	4	5	0.0
3	4	4	6	0.0
3	4	5	0	0.0
3	4	5	1	0.0
3	4	5	2	0.0
3	4	5	3	-0.00695835540657
3	4	5	4	0.0
3	4	5	5	0.0
3	4	5	6	0.0
3	4	6	0	0.0
3	4	6	1	0.0
3	4	6	2	0.0
3	4	6	3	0.00695835540657
3	4	6	4	0.0
3	4	6	5	0.0
3	4	6	6	0.0
3	5	0	0	0.0
3	5	0	1	0.0
3	5	0	2	0.0
3	5	0	3	0.00741133127599
3	5	0	4	0.0
3	5	0	5	0.0
3	5	0	6	0.0
3	5	1	0	0.0
3	5	1	1	0.0
3	5	1	2	0.0
3	5	1	3	0.0439045397822
3	5	1	4	0.0
3	5	1	5	0.0
3	5	1	6	0.0
3	5	2	0	0.0
3	5	2	1	0.0
3	5	2	2	0.0
3	5	2	3	0.00533933389541
3	5	2	4	0.0
3	5	2	5	0.0
3	5	2	6	0.0
3	5	3	0	0.00741133127599
3	5	3	1	0.0439045397822
3	5	3	2	0.00533933389541
3	5	3	3	0.0
3	5	3	4	-0.00695835540657
3	5	3	5	0.0143566724633
3	5	3	6	0.0110006688455
3	5	4	0	0.0
3	5	4	1	0.0
3	5	4	2	0.0
3	5	4	3	-0.00695835540657
3	5	4	4	0.0
3	5	4	5	0.0
3	5	4	6	0.0
3	5	5	0	0.0
3	5	5	1	0.0
3	5	5	2	0.0
3	5	5	3	0.0143566724633
3	5	5	4	0.0
3	5	5	5	0.0
3	5	5	6	0.0
3	5	6	0	0.0
3	5	6	1	0.0
3	5	6	2	0.0
3	5	6	3	0.0110006688455
3	5	6	4	0.0
3	5	6	5	0.0
3	5	6	6	0.0
3	6	0	0	0.0
3	6	0	1	0.0
3	6	0	2	0.0
3	6	0	3	0.00741133127599
3	6	0	4	0.0
3	6	0	5	0.0
3	6	0	6	0.0
3	6	1	0	0.0
3	6	1	1	0.0
3	6	1	2	0.0
3	6	1	3	0.0439045397822
3	6	1	4	0.0
3	6	1	5	0.0
3	6	1	6	0.0
3	6	2	0	0.0
3	6	2	1	0.0
3	6	2	2	0.0
3	6	2	3	0.00533933389541
3	6	2	4	0.0
3	6	2	5	0.0
3	6	2	6	0.0
3	6	3	0	0.00741133127599
3	6	3	1	0.0439045397822
3	6	3	2	0.00533933389541
3	6	3	3	0.0
3	6	3	4	0.00695835540657
3	6	3	5	0.0110006688455
3	6	3	6	0.0143566724633
3	6	4	0	0.0
3	6	4	1	0.0
3	6	4	2	0.0
3	6	4	3	0.00695835540657
3	6	4	4	0.0
3	6	4	5	0.0
3	6	4	6	0.0
3	6	5	0	0.0
3	6	5	1	0.0
3	6	5	2	0.0
3	6	5	3	0.0110006688455
3	6	5	4	0.0
3	6	5	5	0.0
3	6	5	6	0.0
3	6	6	0	0.0
3	6	6	1	0.0
3	6	6	2	0.0
3	6	6	3	0.0143566724633
3	6	6	4	0.0
3	6	6	5	0.0
3	6	6	6	0.0
4	0	0	0	0.0
4	0	0	1	0.0
4	0	0	2	0.0
4	0	0	3	0.0
4	0	0	4	0.0244774122581
4	0	0	5	-0.000812858922537
4	0	0	6	0.000812858922537
4	0	1	0	0.0
4	0	1	1	0.0
4	0	1	2	0.0
4	0	1	3	0.0
4	0	1	4	0.0378086074164
4	0	1	5	-0.004346432359
4	0	1	6	0.004346432359
4	0	2	0	0.0
4	0	2	1	0.0
4	0	2	2	0.0
4	0	2	3	0.0
4	0	2	4	-3.10348550787e-19
4	0	2	5	-0.00173706208117
4	0	2	6	0.00173706208117
4	0	3	0	0.0
4	0	3	1	0.0
4	0	3	2	0.0
4	0	3	3	0.0
4	0	3	4	0.0
4	0	3	5	0.0
4	0	3	6	0.0
4	0	4	0	0.0244774122581
4	0	4	1	0.0378086074164
4	0	4	2	-3.10348550787e-19
4	0	4	3	0.0
4	0	4	4	0.0
4	0	4	5	0.00967511465437
4	0	4	6	0.00967511465437
4	0	5	0	-0.000812858922537
4	0	5	1	-0.004346432359
4	0	5	2	-0.00173706208117
4	0	5	3	0.0
4	0	5	4	0.00967511465437
4	0	5	5	-0.00817045006664
4	0	5	6	-2.71050543121e-20
4	0	6	0	0.000812858922537
4	0	6	1	0.004346432359
4	0	6	2	0.00173706208117
4	0	6	3	0.0
4	0	6	4	0.00967511465437
4	0	6	5	2.71050543121e-20
4	0	6	6	0.00817045006664
4	1	0	0	0.0
4	1	0	1	0.0
4	1	0	2	0.0
4	1	0	3	0.0
4	1	0	4	0.0378086074164
4	1	0	5	-0.00152941205363
4	1	0	6	0.00152941205363
4	1	1	0	0.0
4	1	1	1	0.0
4	1	1	2	0.0
4	1	1	3	0.0
4	1	1	4	0.180518392105
4	1	1	5	-0.0340035727467
4	1	1	6	0.0340035727467
4	1	2	0	0.0
4	1	2	1	0.0
4	1	2	2	0.0
4	1	2	3	0.0
4	1	2	4	-2.34143972861e-18
4	1	2	5	-0.0156390034027
4	1	2	6	0.0156390034027
4	1	3	0	0.0
4	1	3	1	0.0
4	1	3	2	0.0
4	1	3	3	0.0
4	1	3	4	0.0
4	1	3	5	0.0
4	1	3	6	0.0
4	1	4	0	0.0378086074164
4	1	4	1	0.180518392105
4	1	4	2	-2.34143972861e-18
4	1	4	3	0.0
4	1	4	4	0.0
4	1	4	5	0.0642856858226
4	1	4	6	0.0642856858226
4	1	5	0	-0.00152941205363
4	1	5	1	-0.0340035727467
4	1	5	2	-0.0156390034027
4	1	5	3	0.0
4	1	5	4	0.0642856858226
4	1	5	5	-0.0894526231605
4	1	5	6	0.0
4	1	6	0	0.00152941205363
4	1	6	1	0.0340035727467
4	1	6	2	0.0156390034027
4	1	6	3	0.0
4	1	6	4	0.0642856858226
4	1	6	5	0.0
4	1	6	6	0.0894526231605
4	2	0	0	0.0
4	2	0	1	0.0
4	2	0	2	0.0
4	2	0	3	0.0
4	2	0	4	-3.10348550787e-19
4	2	0	5	-0.000121299919236
4	2	0	6	0.000121299919236
4	2	1	0	0.0
4	2	1	1	0.0
4	2	1	2	0.0
4	2	1	3	0.0
4	2	1	4	-2.34143972861e-18
4	2	1	5	-0.00644021881828
4	2	1	6	0.00644021881828
4	2	2	0	0.0
4	2	2	1	0.0
4	2	2	2	0.0
4	2	2	3	0.0
4	2	2	4	0.0474444451184
4	2	2	5	-0.00994450136502
4	2	2	6	0.00994450136502
4	2	3	0	0.0
4	2	3	1	0.0
4	2	3	2	0.0
4	2	3	3	0.0
4	2	3	4	0.0
4	2	3	5	0.0
4	2	3	6	0.0
4	2	4	0	-3.10348550787e-19
4	2	4	1	-2.34143972861e-18
4	2	4	2	0.0474444451184
4	2	4	3	0.0
4	2	4	4	0.0
4	2	4	5	0.00923095507547
4	2	4	6	0.00923095507547
4	2	5	0	-0.000121299919236
4	2	5	1	-0.00644021881828
4	2	5	2	-0.00994450136502
4	2	5	3	0.0
4	2	5	4	0.00923095507547
4	2	5	5	-0.0256755568625
4	2	5	6	-1.35525271561e-19
4	2	6	0	0.000121299919236
4	2	6	1	0.00644021881828
4	2	6	2	0.00994450136502
4	2	6	3	0.0
4	2	6	4	0.00923095507547
4	2	6	5	1.35525271561e-19
4	2	6	6	0.0256755568625
4	3	0	0	0.0
4	3	0	1	0.0
4	3	0	2	0.0
4	3	0	3	0.0
4	3	0	4	0.0
4	3	0	5	0.0
4	3	0	6	0.0
4	3	1	0	0.0
4	3	1	1	0.0
4	3	1	2	0.0
4	3	1	3	0.0
4	3	1	4	0.0
4	3	1	5	0.0
4	3	1	6	0.0
4	3	2	0	0.0
4	3	2	1	0.0
4	3	2	2	0.0
4	3	2	3	0.0
4	3	2	4	0.0
4	3	2	5	0.0
4	3	2	6	0.0
4	3	3	0	0.0
4	3	3	1	0.0
4	3	3	2	0.0
4	3	3	3	0.0
4	3	3	4	0.0474444451184
4	3	3	5	-0.00695835540657
4	3	3	6	0.00695835540657
4	3	4	0	0.0
4	3	4	1	0.0
4	3	4	2	0.0
4	3	4	3	0.0474444451184
4	3	4	4	0.0
4	3	4	5	0.0
4	3	4	6	0.0
4	3	5	0	0.0
4	3	5	1	0.0
4	3	5	2	0.0
4	3	5	3	-0.00695835540657
4	3	5	4	0.0
4	3	5	5	0.0
4	3	5	6	0.0
4	3	6	0	0.0
4	3	6	1	0.0
4	3	6	2	0.0
4	3	6	3	0.00695835540657
4	3	6	4	0.0
4	3	6	5	0.0
4	3	6	6	0.0
4	4	0	0	1.11581381215
4	4	0	1	0.25668398581
4	4	0	2	7.19388472952e-19
4	4	0	3	0.0
4	4	0	4	0.0
4	4	0	5	0.0416880586281
4	4	0	6	0.0416880586281
4	4	1	0	0.25668398581
4	4	1	1	0.817022605321
4	4	1	2	-1.84825203374e-17
4	4	1	3	0.0
4	4	1	4	0.0
4	4	1	5	0.262748044322
4	4	1	6	0.262748044322
4	4	2	0	7.19388472952e-19
4	4	2	1	-1.84825203374e-17
4	4	2	2	0.785270203138
4	4	2	3	0.0
4	4	2	4	0.0
4	4	2	5	0.124848491696
4	4	2	6	0.124848491696
4	4	3	0	0.0
4	4	3	1	0.0
4	4	3	2	0.0
4	4	3	3	0.785270203138
4	4	3	4	0.0
4	4	3	5	0.0
4	4	3	6	0.0
4	4	4	0	0.0
4	4	4	1	0.0
4	4	4	2	0.0
4	4	4	3	0.0
4	4	4	4	0.880159093375
4	4	4	5	-0.176622432952
4	4	4	6	0.176622432952
4	4	5	0	0.0416880586281
4	4	5	1	0.262748044322
4	4	5	2	0.124848491696
4	4	5	3	0.0
4	4	5	4	-0.176622432952
4	4	5	5	0.470211223304
4	4	5	6	0.0943738972078
4	4	6	0	0.0416880586281
4	4	6	1	0.262748044322
4	4	6	2	0.124848491696
4	4	6	3	0.0
4	4	6	4	0.176622432952
4	4	6	5	0.0943738972078
4	4	6	6	0.470211223304
4	5	0	0	-0.184782913802
4	5	0	1	-0.0434906059138
4	5	0	2	-0.00173706208117
4	5	0	3	0.0
4	5	0	4	0.00967511465437
4	5	0	5	-0.00753840418484
4	5	0	6	-0.00670457705962
4	5	1	0	-0.0434906059138
4	5	1	1	-0.165021721159
4	5	1	2	-0.0156390034027
4	5	1	3	0.0
4	5	1	4	0.0642856858226
4	5	1	5	-0.0804177504909
4	5	1	6	-0.0444627333692
4	5	2	0	-0.00173706208117
4	5	2	1	-0.0156390034027
4	5	2	2	-0.160620208634
4	5	2	3	0.0
4	5	2	4	0.00923095507547
4	5	2	5	-0.0472466426755
4	5	2	6	-0.0251571826366
4	5	3	0	0.0
4	5	3	1	0.0
4	5	3	2	0.0
4	5	3	3	-0.157634062675
4	5	3	4	0.0
4	5	3	5	0.0
4	5	3	6	0.0
4	5	4	0	0.00967511465437
4	5	4	1	0.0642856858226
4	5	4	2	0.00923095507547
4	5	4	3	0.0
4	5	4	4	-0.176622432952
4	5	4	5	0.0759296959796
4	5	4	6	-0.01343443317
4	5	5	0	-0.00753840418484
4	5	5	1	-0.0804177504909
4	5	5	2	-0.0472466426755
4	5	5	3	0.0
4	5	5	4	0.0759296959796
4	5	5	5	-0.20809133983
4	5	5	6	-0.0253972413273
4	5	6	0	-0.00670457705962
4	5	6	1	-0.0444627333692
4	5	6	2	-0.0251571826366
4	5	6	3	0.0
4	5	6	4	-0.01343443317
4	5	6	5	-0.0253972413273
4	5	6	6	-0.073953007826
4	6	0	0	0.184782913802
4	6	0	1	0.0434906059138
4	6	0	2	0.00173706208117
4	6	0	3	0.0
4	6	0	4	0.00967511465437
4	6	0	5	0.00670457705962
4	6	0	6	0.00753840418484
4	6	1	0	0.0434906059138
4	6	1	1	0.165021721159
4	6	1	2	0.0156390034027
4	6	1	3	0.0
4	6	1	4	0.0642856858226
4	6	1	5	0.0444627333692
4	6	1	6	0.0804177504909
4	6	2	0	0.00173706208117
4	6	2	1	0.0156390034027
4	6	2	2	0.160620208634
4	6	2	3	0.0
4	6	2	4	0.00923095507547
4	6	2	5	0.0251571826366
4	6	2	6	0.0472466426755
4	6	3	0	0.0
4	6	3	1	0.0
4	6	3	2	0.0
4	6	3	3	0.157634062675
4	6	3	4	0.0
4	6	3	5	0.0
4	6	3	6	0.0
4	6	4	0	0.00967511465437
4	6	4	1	0.0642856858226
4	6	4	2	0.00923095507547
4	6	4	3	0.0
4	6	4	4	0.176622432952
4	6	4	5	-0.01343443317
4	6	4	6	0.0759296959796
4	6	5	0	0.00670457705962
4	6	5	1	0.0444627333692
4	6	5	2	0.0251571826366
4	6	5	3	0.0
4	6	5	4	-0.01343443317
4	6	5	5	0.073953007826
4	6	5	6	0.0253972413273
4	6	6	0	0.00753840418484
4	6	6	1	0.0804177504909
4	6	6	2	0.0472466426755
4	6	6	3	0.0
4	6	6	4	0.0759296959796
4	6	6	5	0.0253972413273
4	6	6	6	0.20809133983
5	0	0	0	0.121785324864
5	0	0	1	0.0223092315761
5	0	0	2	0.000623728588682
5	0	0	3	0.0
5	0	0	4	-0.000812858922537
5	0	0	5	0.00368310647763
5	0	0	6	0.00362560177513
5	0	1	0	0.0223092315761
5	0	1	1	0.0416116139716
5	0	1	2	0.00117355914449
5	0	1	3	0.0
5	0	1	4	-0.00152941205363
5	0	1	5	0.0121216131537
5	0	1	6	0.0117332268177
5	0	2	0	0.000623728588682
5	0	2	1	0.00117355914449
5	0	2	2	0.0416230541973
5	0	2	3	0.0
5	0	2	4	-0.000121299919236
5	0	2	5	0.00578442097732
5	0	2	6	0.00560477581826
5	0	3	0	0.0
5	0	3	1	0.0
5	0	3	2	0.0
5	0	3	3	0.0415299774956
5	0	3	4	0.0
5	0	3	5	0.0
5	0	3	6	0.0
5	0	4	0	-0.000812858922537
5	0	4	1	-0.00152941205363
5	0	4	2	-0.000121299919236
5	0	4	3	0.0
5	0	4	4	0.0416880586281
5	0	4	5	-0.00753840418484
5	0	4	6	0.00670457705962
5	0	5	0	0.00368310647763
5	0	5	1	0.0121216131537
5	0	5	2	0.00578442097732
5	0	5	3	0.0
5	0	5	4	-0.00753840418484
5	0	5	5	0.0186410803471
5	0	5	6	0.00403061324831
5	0	6	0	0.00362560177513
5	0	6	1	0.0117332268177
5	0	6	2	0.00560477581826
5	0	6	3	0.0
5	0	6	4	0.00670457705962
5	0	6	5	0.00403061324831
5	0	6	6	0.0178816762199
5	1	0	0	0.313334085322
5	1	0	1	0.0728400984413
5	1	0	2	0.00333513485049
5	1	0	3	0.0
5	1	0	4	-0.004346432359
5	1	0	5	0.0121216131537
5	1	0	6	0.0117332268177
5	1	1	0	0.0728400984413
5	1	1	1	0.258884453358
5	1	1	2	0.0260918590562
5	1	1	3	0.0
5	1	1	4	-0.0340035727467
5	1	1	5	0.103816532988
5	1	1	6	0.0826073782404
5	1	2	0	0.00333513485049
5	1	2	1	0.0260918590562
5	1	2	2	0.259296741459
5	1	2	3	0.0
5	1	2	4	-0.00644021881828
5	1	2	5	0.0617067102642
5	1	2	6	0.0476926804256
5	1	3	0	0.0
5	1	3	1	0.0
5	1	3	2	0.0
5	1	3	3	0.254354987751
5	1	3	4	0.0
5	1	3	5	0.0
5	1	3	6	0.0
5	1	4	0	-0.004346432359
5	1	4	1	-0.0340035727467
5	1	4	2	-0.00644021881828
5	1	4	3	0.0
5	1	4	4	0.262748044322
5	1	4	5	-0.0804177504909
5	1	4	6	0.0444627333692
5	1	5	0	0.0121216131537
5	1	5	1	0.103816532988
5	1	5	2	0.0617067102642
5	1	5	3	0.0
5	1	5	4	-0.0804177504909
5	1	5	5	0.235420912937
5	1	5	6	0.0377139813843
5	1	6	0	0.0117332268177
5	1	6	1	0.0826073782404
5	1	6	2	0.0476926804256
5	1	6	3	0.0
5	1	6	4	0.0444627333692
5	1	6	5	0.0377139813843
5	1	6	6	0.151336633108
5	2	0	0	0.141788916678
5	2	0	1	0.0333715156413
5	2	0	2	0.00874422589067
5	2	0	3	0.0
5	2	0	4	-0.00173706208117
5	2	0	5	0.00578442097732
5	2	0	6	0.00560477581826
5	2	1	0	0.0333715156413
5	2	1	1	0.126625620248
5	2	1	2	0.0559047691583
5	2	1	3	0.0
5	2	1	4	-0.0156390034027
5	2	1	5	0.0617067102642
5	2	1	6	0.0476926804256
5	2	2	0	0.00874422589067
5	2	2	1	0.0559047691583
5	2	2	2	0.13392688869
5	2	2	3	0.0
5	2	2	4	-0.00994450136502
5	2	2	5	0.0506102964796
5	2	2	6	0.0381256371937
5	2	3	0	0.0
5	2	3	1	0.0
5	2	3	2	0.0
5	2	3	3	0.120956870516
5	2	3	4	0.0
5	2	3	5	0.0
5	2	3	6	0.0
5	2	4	0	-0.00173706208117
5	2	4	1	-0.0156390034027
5	2	4	2	-0.00994450136502
5	2	4	3	0.0
5	2	4	4	0.124848491696
5	2	4	5	-0.0472466426755
5	2	4	6	0.0251571826366
5	2	5	0	0.00578442097732
5	2	5	1	0.0617067102642
5	2	5	2	0.0506102964796
5	2	5	3	0.0
5	2	5	4	-0.0472466426755
5	2	5	5	0.159674101016
5	2	5	6	0.0252164709722
5	2	6	0	0.00560477581826
5	2	6	1	0.0476926804256
5	2	6	2	0.0381256371937
5	2	6	3	0.0
5	2	6	4	0.0251571826366
5	2	6	5	0.0252164709722
5	2	6	6	0.0952415083841
5	3	0	0	0.0
5	3	0	1	0.0
5	3	0	2	0.0
5	3	0	3	0.00741133127599
5	3	0	4	0.0
5	3	0	5	0.0
5	3	0	6	0.0
5	3	1	0	0.0
5	3	1	1	0.0
5	3	1	2	0.0
5	3	1	3	0.0439045397822
5	3	1	4	0.0
5	3	1	5	0.0
5	3	1	6	0.0
5	3	2	0	0.0
5	3	2	1	0.0
5	3	2	2	0.0
5	3	2	3	0.00533933389541
5	3	2	4	0.0
5	3	2	5	0.0
5	3	2	6	0.0
5	3	3	0	0.00741133127599
5	3	3	1	0.0439045397822
5	3	3	2	0.00533933389541
5	3	3	3	0.0
5	3	3	4	-0.00695835540657
5	3	3	5	0.0143566724633
5	3	3	6	0.0110006688455
5	3	4	0	0.0
5	3	4	1	0.0
5	3	4	2	0.0
5	3	4	3	-0.00695835540657
5	3	4	4	0.0
5	3	4	5	0.0
5	3	4	6	0.0
5	3	5	0	0.0
5	3	5	1	0.0
5	3	5	2	0.0
5	3	5	3	0.0143566724633
5	3	5	4	0.0
5	3	5	5	0.0
5	3	5	6	0.0
5	3	6	0	0.0
5	3	6	1	0.0
5	3	6	2	0.0
5	3	6	3	0.0110006688455
5	3	6	4	0.0
5	3	6	5	0.0
5	3	6	6	0.0
5	4	0	0	-0.184782913802
5	4	0	1	-0.0434906059138
5	4	0	2	-0.00173706208117
5	4	0	3	0.0
5	4	0	4	0.00967511465437
5	4	0	5	-0.00753840418484
5	4	0	6	-0.00670457705962
5	4	1	0	-0.0434906059138
5	4	1	1	-0.165021721159
5	4	1	2	-0.0156390034027
5	4	1	3	0.0
5	4	1	4	0.0642856858226
5	4	1	5	-0.0804177504909
5	4	1	6	-0.0444627333692
5	4	2	0	-0.00173706208117
5	4	2	1	-0.0156390034027
5	4	2	2	-0.160620208634
5	4	2	3	0.0
5	4	2	4	0.00923095507547
5	4	2	5	-0.0472466426755
5	4	2	6	-0.0251571826366
5	4	3	0	0.0
5	4	3	1	0.0
5	4	3	2	0.0
5	4	3	3	-0.157634062675
5	4	3	4	0.0
5	4	3	5	0.0
5	4	3	6	0.0
5	4	4	0	0.00967511465437
5	4	4	1	0.0642856858226
5	4	4	2	0.00923095507547
5	4	4	3	0.0
5	4	4	4	-0.176622432952
5	4	4	5	0.0759296959796
5	4	4	6	-0.01343443317
5	4	5	0	-0.00753840418484
5	4	5	1	-0.0804177504909
5	4	5	2	-0.0472466426755
5	4	5	3	0.0
5	4	5	4	0.0759296959796
5	4	5	5	-0.20809133983
5	4	5	6	-0.0253972413273
5	4	6	0	-0.00670457705962
5	4	6	1	-0.0444627333692
5	4	6	2	-0.0251571826366
5	4	6	3	0.0
5	4	6	4	-0.01343443317
5	4	6	5	-0.0253972413273
5	4	6	6	-0.073953007826
5	5	0	0	0.470723293853
5	5	0	1	0.111191799308
5	5	0	2	0.00626940684007
5	5	0	3	0.0
5	5	0	4	-0.00817045006664
5	5	0	5	0.0186410803471
5	5	0	6	0.0178816762199
5	5	1	0	0.111191799308
5	5	1	1	0.45466063533
5	5	1	2	0.0686394118966
5	5	1	3	0.0
5	5	1	4	-0.0894526231605
5	5	1	5	0.235420912937
5	5	1	6	0.151336633108
5	5	2	0	0.00626940684007
5	5	2	1	0.0686394118966
5	5	2	2	0.456451733851
5	5	2	3	0.0
5	5	2	4	-0.0256755568625
5	5	2	5	0.159674101016
5	5	2	6	0.0952415083841
5	5	3	0	0.0
5	5	3	1	0.0
5	5	3	2	0.0
5	5	3	3	0.436750186139
5	5	3	4	0.0
5	5	3	5	0.0
5	5	3	6	0.0
5	5	4	0	-0.00817045006664
5	5	4	1	-0.0894526231605
5	5	4	2	-0.0256755568625
5	5	4	3	0.0
5	5	4	4	0.470211223304
5	5	4	5	-0.20809133983
5	5	4	6	0.073953007826
5	5	5	0	0.0186410803471
5	5	5	1	0.235420912937
5	5	5	2	0.159674101016
5	5	5	3	0.0
5	5	5	4	-0.20809133983
5	5	5	5	0.77460594392
5	5	5	6	0.089442885405
5	5	6	0	0.0178816762199
5	5	6	1	0.151336633108
5	5	6	2	0.0952415083841
5	5	6	3	0.0
5	5	6	4	0.073953007826
5	5	6	5	0.089442885405
5	5	6	6	0.300609656698
5	6	0	0	0.104324711416
5	6	0	1	0.0244833901648
5	6	0	2	0.00174002667686
5	6	0	3	0.0
5	6	0	4	-2.71050543121e-20
5	6	0	5	0.00403061324831
5	6	0	6	0.00403061324831
5	6	1	0	0.0244833901648
5	6	1	1	0.0947021772118
5	6	1	2	0.01632667258
5	6	1	3	0.0
5	6	1	4	0.0
5	6	1	5	0.0377139813843
5	6	1	6	0.0377139813843
5	6	2	0	0.00174002667686
5	6	2	1	0.01632667258
5	6	2	2	0.0971577322738
5	6	2	3	0.0
5	6	2	4	-1.35525271561e-19
5	6	2	5	0.0252164709722
5	6	2	6	0.0252164709722
5	6	3	0	0.0
5	6	3	1	0.0
5	6	3	2	0.0
5	6	3	3	0.0924703750279
5	6	3	4	0.0
5	6	3	5	0.0
5	6	3	6	0.0
5	6	4	0	-2.71050543121e-20
5	6	4	1	0.0
5	6	4	2	-1.35525271561e-19
5	6	4	3	0.0
5	6	4	4	0.0943738972078
5	6	4	5	-0.0253972413273
5	6	4	6	0.0253972413273
5	6	5	0	0.00403061324831
5	6	5	1	0.0377139813843
5	6	5	2	0.0252164709722
5	6	5	3	0.0
5	6	5	4	-0.0253972413273
5	6	5	5	0.089442885405
5	6	5	6	0.0171914969128
5	6	6	0	0.00403061324831
5	6	6	1	0.0377139813843
5	6	6	2	0.0252164709722
5	6	6	3	0.0
5	6	6	4	0.0253972413273
5	6	6	5	0.0171914969128
5	6	6	6	0.089442885405
6	0	0	0	0.121785324864
6	0	0	1	0.0223092315761
6	0	0	2	0.000623728588682
6	0	0	3	0.0
6	0	0	4	0.000812858922537
6	0	0	5	0.00362560177513
6	0	0	6	0.00368310647763
6	0	1	0	0.0223092315761
6	0	1	1	0.0416116139716
6	0	1	2	0.00117355914449
6	0	1	3	0.0
6	0	1	4	0.00152941205363
6	0	1	5	0.0117332268177
6	0	1	6	0.0121216131537
6	0	2	0	0.000623728588682
6	0	2	1	0.00117355914449
6	0	2	2	0.0416230541973
6	0	2	3	0.0
6	0	2	4	0.000121299919236
6	0	2	5	0.00560477581826
6	0	2	6	0.00578442097732
6	0	3	0	0.0
6	0	3	1	0.0
6	0	3	2	0.0
6	0	3	3	0.0415299774956
6	0	3	4	0.0
6	0	3	5	0.0
6	0	3	6	0.0
6	0	4	0	0.000812858922537
6	0	4	1	0.00152941205363
6	0	4	2	0.000121299919236
6	0	4	3	0.0
6	0	4	4	0.0416880586281
6	0	4	5	-0.00670457705962
6	0	4	6	0.00753840418484
6	0	5	0	0.00362560177513
6	0	5	1	0.0117332268177
6	0	5	2	0.00560477581826
6	0	5	3	0.0
6	0	5	4	-0.00670457705962
6	0	5	5	0.0178816762199
6	0	5	6	0.00403061324831
6	0	6	0	0.00368310647763
6	0	6	1	0.0121216131537
6	0	6	2	0.00578442097732
6	0	6	3	0.0
6	0	6	4	0.00753840418484
6	0	6	5	0.00403061324831
6	0	6	6	0.0186410803471
6	1	0	0	0.313334085322
6	1	0	1	0.0728400984413
6	1	0	2	0.00333513485049
6	1	0	3	0.0
6	1	0	4	0.004346432359
6	1	0	5	0.0117332268177
6	1	0	6	0.0121216131537
6	1	1	0	0.0728400984413
6	1	1	1	0.258884453358
6	1	1	2	0.0260918590562
6	1	1	3	0.0
6	1	1	4	0.0340035727467
6	1	1	5	0.0826073782404
6	1	1	6	0.103816532988
6	1	2	0	0.00333513485049
6	1	2	1	0.0260918590562
6	1	2	2	0.259296741459
6	1	2	3	0.0
6	1	2	4	0.00644021881828
6	1	2	5	0.0476926804256
6	1	2	6	0.0617067102642
6	1	3	0	0.0
6	1	3	1	0.0
6	1	3	2	0.0
6	1	3	3	0.254354987751
6	1	3	4	0.0
6	1	3	5	0.0
6	1	3	6	0.0
6	1	4	0	0.004346432359
6	1	4	1	0.0340035727467
6	1	4	2	0.00644021881828
6	1	4	3	0.0
6	1	4	4	0.262748044322
6	1	4	5	-0.0444627333692
6	1	4	6	0.0804177504909
6	1	5	0	0.0117332268177
6	1	5	1	0.0826073782404
6	1	5	2	0.0476926804256
6	1	5	3	0.0
6	1	5	4	-0.0444627333692
6	1	5	5	0.151336633108
6	1	5	6	0.0377139813843
6	1	6	0	0.0121216131537
6	1	6	1	0.103816532988
6	1	6	2	0.0617067102642
6	1	6	3	0.0
6	1	6	4	0.0804177504909
6	1	6	5	0.0377139813843
6	1	6	6	0.235420912937
6	2	0	0	0.141788916678
6	2	0	1	0.0333715156413
6	2	0	2	0.00874422589067
6	2	0	3	0.0
6	2	0	4	0.00173706208117
6	2	0	5	0.00560477581826
6	2	0	6	0.00578442097732
6	2	1	0	0.0333715156413
6	2	1	1	0.126625620248
6	2	1	2	0.0559047691583
6	2	1	3	0.0
6	2	1	4	0.0156390034027
6	2	1	5	0.0476926804256
6	2	1	6	0.0617067102642
6	2	2	0	0.00874422589067
6	2	2	1	0.0559047691583
6	2	2	2	0.13392688869
6	2	2	3	0.0
6	2	2	4	0.00994450136502
6	2	2	5	0.0381256371937
6	2	2	6	0.0506102964796
6	2	3	0	0.0
6	2	3	1	0.0
6	2	3	2	0.0
6	2	3	3	0.120956870516
6	2	3	4	0.0
6	2	3	5	0.0
6	2	3	6	0.0
6	2	4	0	0.00173706208117
6	2	4	1	0.0156390034027
6	2	4	2	0.00994450136502
6	2	4	3	0.0
6	2	4	4	0.124848491696
6	2	4	5	-0.0251571826366
6	2	4	6	0.0472466426755
6	2	5	0	0.00560477581826
6	2	5	1	0.0476926804256
6	2	5	2	0.0381256371937
6	2	5	3	0.0
6	2	5	4	-0.0251571826366
6	2	5	5	0.0952415083841
6	2	5	6	0.0252164709722
6	2	6	0	0.00578442097732
6	2	6	1	0.0617067102642
6	2	6	2	0.0506102964796
6	2	6	3	0.0
6	2	6	4	0.0472466426755
6	2	6	5	0.0252164709722
6	2	6	6	0.159674101016
6	3	0	0	0.0
6	3	0	1	0.0
6	3	0	2	0.0
6	3	0	3	0.00741133127599
6	3	0	4	0.0
6	3	0	5	0.0
6	3	0	6	0.0
6	3	1	0	0.0
6	3	1	1	0.0
6	3	1	2	0.0
6	3	1	3	0.0439045397822
6	3	1	4	0.0
6	3	1	5	0.0
6	3	1	6	0.0
6	3	2	0	0.0
6	3	2	1	0.0
6	3	2	2	0.0
6	3	2	3	0.00533933389541
6	3	2	4	0.0
6	3	2	5	0.0
6	3	2	6	0.0
6	3	3	0	0.00741133127599
6	3	3	1	0.0439045397822
6	3	3	2	0.00533933389541
6	3	3	3	0.0
6	3	3	4	0.00695835540657
6	3	3	5	0.0110006688455
6	3	3	6	0.0143566724633
6	3	4	0	0.0
6	3	4	1	0.0
6	3	4	2	0.0
6	3	4	3	0.00695835540657
6	3	4	4	0.0
6	3	4	5	0.0
6	3	4	6	0.0
6	3	5	0	0.0
6	3	5	1	0.0
6	3	5	2	0.0
6	3	5	3	0.0110006688455
6	3	5	4	0.0
6	3	5	5	0.0
6	3	5	6	0.0
6	3	6	0	0.0
6	3	6	1	0.0
6	3	6	2	0.0
6	3	6	3	0.0143566724633
6	3	6	4	0.0
6	3	6	5	0.0
6	3	6	6	0.0
6	4	0	0	0.184782913802
6	4	0	1	0.0434906059138
6	4	0	2	0.00173706208117
6	4	0	3	0.0
6	4	0	4	0.00967511465437
6	4	0	5	0.00670457705962
6	4	0	6	0.00753840418484
6	4	1	0	0.0434906059138
6	4	1	1	0.165021721159
6	4	1	2	0.0156390034027
6	4	1	3	0.0
6	4	1	4	0.0642856858226
6	4	1	5	0.0444627333692
6	4	1	6	0.0804177504909
6	4	2	0	0.00173706208117
6	4	2	1	0.0156390034027
6	4	2	2	0.160620208634
6	4	2	3	0.0
6	4	2	4	0.00923095507547
6	4	2	5	0.0251571826366
6	4	2	6	0.0472466426755
6	4	3	0	0.0
6	4	3	1	0.0
6	4	3	2	0.0
6	4	3	3	0.157634062675
6	4	3	4	0.0
6	4	3	5	0.0
6	4	3	6	0.0
6	4	4	0	0.00967511465437
6	4	4	1	0.0642856858226
6	4	4	2	0.00923095507547
6	4	4	3	0.0
6	4	4	4	0.176622432952
6	4	4	5	-0.01343443317
6	4	4	6	0.0759296959796
6	4	5	0	0.00670457705962
6	4	5	1	0.0444627333692
6	4	5	2	0.0251571826366
6	4	5	3	0.0
6	4	5	4	-0.01343443317
6	4	5	5	0.073953007826
6	4	5	6	0.0253972413273
6	4	6	0	0.00753840418484
6	4	6	1	0.0804177504909
6	4	6	2	0.0472466426755
6	4	6	3	0.0
6	4	6	4	0.0759296959796
6	4	6	5	0.0253972413273
6	4	6	6	0.20809133983
6	5	0	0	0.104324711416
6	5	0	1	0.0244833901648
6	5	0	2	0.00174002667686
6	5	0	3	0.0
6	5	0	4	2.71050543121e-20
6	5	0	5	0.00403061324831
6	5	0	6	0.00403061324831
6	5	1	0	0.0244833901648
6	5	1	1	0.0947021772118
6	5	1	2	0.01632667258
6	5	1	3	0.0
6	5	1	4	0.0
6	5	1	5	0.0377139813843
6	5	1	6	0.0377139813843
6	5	2	0	0.00174002667686
6	5	2	1	0.01632667258
6	5	2	2	0.0971577322738
6	5	2	3	0.0
6	5	2	4	1.35525271561e-19
6	5	2	5	0.0252164709722
6	5	2	6	0.0252164709722
6	5	3	0	0.0
6	5	3	1	0.0
6	5	3	2	0.0
6	5	3	3	0.0924703750279
6	5	3	4	0.0
6	5	3	5	0.0
6	5	3	6	0.0
6	5	4	0	2.71050543121e-20
6	5	4	1	0.0
6	5	4	2	1.35525271561e-19
6	5	4	3	0.0
6	5	4	4	0.0943738972078
6	5	4	5	-0.0253972413273
6	5	4	6	0.0253972413273
6	5	5	0	0.00403061324831
6	5	5	1	0.0377139813843
6	5	5	2	0.0252164709722
6	5	5	3	0.0
6	5	5	4	-0.0253972413273
6	5	5	5	0.089442885405
6	5	5	6	0.0171914969128
6	5	6	0	0.00403061324831
6	5	6	1	0.0377139813843
6	5	6	2	0.0252164709722
6	5	6	3	0.0
6	5	6	4	0.0253972413273
6	5	6	5	0.0171914969128
6	5	6	6	0.089442885405
6	6	0	0	0.470723293853
6	6	0	1	0.111191799308
6	6	0	2	0.00626940684007
6	6	0	3	0.0
6	6	0	4	0.00817045006664
6	6	0	5	0.0178816762199
6	6	0	6	0.0186410803471
6	6	1	0	0.111191799308
6	6	1	1	0.45466063533
6	6	1	2	0.0686394118966
6	6	1	3	0.0
6	6	1	4	0.0894526231605
6	6	1	5	0.151336633108
6	6	1	6	0.235420912937
6	6	2	0	0.00626940684007
6	6	2	1	0.0686394118966
6	6	2	2	0.456451733851
6	6	2	3	0.0
6	6	2	4	0.0256755568625
6	6	2	5	0.0952415083841
6	6	2	6	0.159674101016
6	6	3	0	0.0
6	6	3	1	0.0
6	6	3	2	0.0
6	6	3	3	0.436750186139
6	6	3	4	0.0
6	6	3	5	0.0
6	6	3	6	0.0
6	6	4	0	0.00817045006664
6	6	4	1	0.0894526231605
6	6	4	2	0.0256755568625
6	6	4	3	0.0
6	6	4	4	0.470211223304
6	6	4	5	-0.073953007826
6	6	4	6	0.20809133983
6	6	5	0	0.0178816762199
6	6	5	1	0.151336633108
6	6	5	2	0.0952415083841
6	6	5	3	0.0
6	6	5	4	-0.073953007826
6	6	5	5	0.300609656698
6	6	5	6	0.089442885405
6	6	6	0	0.0186410803471
6	6	6	1	0.235420912937
6	6	6	2	0.159674101016
6	6	6	3	0.0
6	6	6	4	0.20809133983
6	6	6	5	0.089442885405
6	6	6	6	0.77460594392
